0.000000000000000000e+00 3.248357076505616305e+02
1.010101010101010166e+00 3.132888051434609906e+02
2.020202020202020332e+00 2.372788467309074804e+03
3.030303030303030276e+00 4.367575534264618682e+02
4.040404040404040664e+00 3.691004120719140360e+02
5.050505050505051052e+00 2.139303253162642250e+03
6.060606060606060552e+00 5.001727619874908441e+02
7.070707070707070940e+00 4.797858778717869086e+02
8.080808080808081328e+00 4.381424423194140445e+02
9.090909090909091717e+00 2.508946183997480148e+03
1.010101010101010210e+01 2.478849317379579134e+03
1.111111111111111249e+01 4.989357345437094295e+02
1.212121212121212110e+01 5.545223560025442566e+02
1.313131313131313149e+01 4.669622503933726989e+02
1.414141414141414188e+01 4.965823912026312428e+02
1.515151515151515227e+01 2.274915926568254235e+03
1.616161616161616266e+01 5.725907672156021135e+02
1.717171717171717304e+01 6.591467100641070829e+02
1.818181818181818343e+01 6.182351598603031562e+02
1.919191919191919382e+01 6.132231987716193089e+02
2.020202020202020421e+01 7.773228424864818180e+02
2.121212121212121460e+01 7.129536092180974265e+02
2.222222222222222499e+01 7.478208546788407602e+02
2.323232323232323537e+01 6.934090553357917770e+02
2.424242424242424221e+01 7.576293486222257343e+02
2.525252525252525260e+01 8.105966345359984189e+02
2.626262626262626299e+01 7.677028463814101542e+02
2.727272727272727337e+01 8.642394463718291036e+02
2.828282828282828376e+01 8.356246311606254267e+02
2.929292929292929415e+01 8.712738983689221186e+02
3.030303030303030454e+01 8.759752754491362339e+02
3.131313131313131493e+01 1.018876535488073159e+03
3.232323232323232531e+01 9.457897852277498032e+02
3.333333333333333570e+01 9.137811202188717061e+02
3.434343434343434609e+01 1.027995932473846324e+03
3.535353535353535648e+01 9.460285245721560159e+02
3.636363636363636687e+01 1.037715907022965212e+03
3.737373737373737725e+01 9.494912412807587998e+02
3.838383838383838764e+01 1.001267465231846131e+03
3.939393939393939803e+01 1.097721849672244161e+03
4.040404040404040842e+01 1.145004137080578857e+03
4.141414141414141881e+01 1.136851242342326941e+03
4.242424242424242919e+01 1.142702434365436375e+03
4.343434343434343958e+01 1.153631683907404295e+03
4.444444444444444997e+01 1.114962789370517839e+03
4.545454545454546036e+01 1.173098698671173906e+03
4.646464646464647075e+01 1.206260990744940045e+03
4.747474747474748114e+01 1.302351060805895486e+03
4.848484848484848442e+01 1.286877884175392865e+03
4.949494949494949481e+01 1.201746982130853212e+03
5.050505050505050519e+01 1.326305208570749983e+03
5.151515151515151558e+01 1.311048916282214350e+03
5.252525252525252597e+01 1.316658950489752669e+03
5.353535353535353636e+01 1.401290885149114047e+03
5.454545454545454675e+01 1.442459067033888459e+03
5.555555555555555713e+01 1.457675117066921075e+03
5.656565656565656752e+01 1.389352255151999543e+03
5.757575757575757791e+01 1.436054532722590693e+03
5.858585858585858830e+01 1.488280343287349979e+03
5.959595959595959869e+01 1.540696448275309876e+03
6.060606060606060908e+01 1.488162500228947692e+03
6.161616161616161946e+01 1.523040283490041475e+03
6.262626262626262985e+01 1.497208503824951322e+03
6.363636363636364024e+01 1.512916941523239302e+03
6.464646464646465063e+01 1.633555584049003073e+03
6.565656565656566102e+01 1.680943314559854343e+03
6.666666666666667140e+01 1.629732827254316817e+03
6.767676767676768179e+01 1.703711998429954747e+03
6.868686868686869218e+01 1.691819174989755538e+03
6.969696969696970257e+01 1.661683406209137729e+03
7.070707070707071296e+01 1.732211194416835042e+03
7.171717171717172334e+01 1.811245262666732970e+03
7.272727272727273373e+01 1.752754152589957130e+03
7.373737373737374412e+01 1.852979657538175161e+03
7.474747474747475451e+01 1.663962239745007992e+03
7.575757575757576490e+01 1.856246640370276509e+03
7.676767676767677528e+01 1.839705888765444115e+03
7.777777777777778567e+01 1.840605188032262276e+03
7.878787878787879606e+01 1.880345614584351097e+03
7.979797979797980645e+01 1.796581150229551440e+03
8.080808080808081684e+01 1.905178021769740781e+03
8.181818181818182723e+01 1.954219264939223876e+03
8.282828282828283761e+01 2.030460358802732571e+03
8.383838383838384800e+01 1.950854165853994573e+03
8.484848484848485839e+01 1.956545016825037919e+03
8.585858585858586878e+01 1.992083864992490589e+03
8.686868686868687917e+01 2.083143843258841116e+03
8.787878787878788955e+01 2.074013313058742369e+03
8.888888888888889994e+01 2.051289767589426447e+03
8.989898989898991033e+01 2.123643169635466165e+03
9.090909090909092072e+01 2.123035695649220543e+03
9.191919191919193111e+01 2.186816087910483020e+03
9.292929292929294149e+01 2.123483203891991252e+03
9.393939393939395188e+01 2.162404771457990591e+03
9.494949494949496227e+01 2.179384491333291407e+03
9.595959595959597266e+01 2.146016171785313873e+03
9.696969696969696884e+01 2.254199953247168196e+03
9.797979797979797922e+01 2.272648723204953967e+03
9.898989898989898961e+01 2.280053652630102533e+03
1.000000000000000000e+02 2.288270643331242809e+03
