#x_i and y_i for 20 points
       100.67825      0.52189693
       4886.3734       23.443902
       10623.778      -6.1627881
       15385.665       18.729855
       20771.792       53.685404
       25924.247       37.159580
       31158.416       72.046017
       37249.561       112.14893
       41822.257       96.310482
       47760.673       132.52932
       52438.539       150.22373
       57585.268       112.70503
       63184.230       117.60725
       68888.614       97.603792
       73955.746       28.092525
       79171.080       4.1720616
       84649.702      -45.832424
       89116.491      -125.06239
       94285.660      -158.64827
       99568.182      -180.81592
